8
3 12 24 36 55 68 75 88
24
8
5.1 80.4 76.7 22.2 30.3 25.8 11.3 12.5
30.3
8
v o a e i z g x
i
======
1
1
1
1
1.1
1.1
1
a
a
done
2
52 3
52
2
89.1 61.1
89.1
2
a b
a
done
3
33 47 46
46
3
26.1 10.1 83.1
10.1
3
a f j
j
done
4
54 35 61 33
54
4
52.1 74.1 91.1 56.1
56.1
4
c w b q
w
done
5
19 57 10 92 71
19
5
74.1 25.1 80.1 46.1 19.1
74.1
5
d t p c i
d
done
50
83 100 72 65 56 51 15 19 95 7 80 6 54 31 28 66 38 62 2 16 10 85 32 47 0 69 75 84 52 97 82 76 8 88 86 61 45 46 87 99 13 68 60 98 48 78 40 63 44 14
83
50
31.1 47.1 16.1 81.1 67.1 18.1 6.1 98.1 80.1 50.1 66.1 51.1 0.1 86.1 82.1 41.1 58.1 73.1 21.1 99.1 2.1 26.1 75.1 25.1 57.1 17.1 42.1 85.1 61.1 34.1 20.1 8.1 24.1 39.1 40.1 63.1 77.1 60.1 36.1 65.1 91.1 15.1 55.1 3.1 46.1 29.1 23.1 69.1 72.1 93.1
31.1
13
i d x a p h z w e k f y r
i
done
50
16 60 3 99 32 13 57 3 56 31 58 51 82 55 9 69 4 23 90 73 0 62 35 16 43 38 84 69 73 33 6 52 62 74 16 40 24 88 62 86 55 29 27 9 40 90 35 48 69 36
16
50
13.1 69.1 18.1 14.1 83.1 18.1 5.1 1.1 91.1 90.1 18.1 70.1 25.1 56.1 32.1 81.1 18.1 28.1 90.1 93.1 57.1 16.1 13.1 29.1 23.1 55.1 22.1 66.1 50.1 62.1 5.1 80.1 4.1 18.1 97.1 54.1 18.1 37.1 13.1 15.1 45.1 43.1 52.1 37.1 38.1 74.1 76.1 40.1 20.1 52.1
13.1
26
z m i h p n n z i h a e d l q u a r g r e m q q s c
z
done
