4 5 3 2
(1,2),(3,4),(4,5)
done
6 20 17 13
(3,20),(3,20),(2,10),(4,15),(6,1),(6,19),(6,19),(2,4),(2,15),(3,18),(4,3),(4,3),(5,2),(1,5),(1,3),(3,4),(3,4)
done
8 24 4 5
(6,3),(2,16),(7,1),(8,18)
done
13 4 8 5
(10,1),(5,1),(11,3),(9,1),(2,2),(10,1),(9,1),(2,1)
done
6 26 2 4
(1,17),(4,23)
done
22 7 10 8
(8,6),(3,2),(10,1),(14,5),(22,3),(2,6),(16,2),(2,5),(4,5),(22,4)
done
20 28 8 1
(17,20),(7,20),(17,22),(1,28),(16,20),(3,2),(15,18),(4,12)
done
780 859 81 264
(53,247),(632,77),(559,178),(55,169),(613,468),(719,125),(193,292),(562,582),(65,97),(243,385),(518,673),(527,275),(692,87),(211,268),(457,510),(329,718),(34,258),(108,812),(266,237),(339,147),(438,707),(655,674),(386,312),(504,374),(544,664),(565,548),(595,724),(644,220),(36,754),(538,395),(226,129),(628,176),(289,392),(354,346),(667,53),(354,260),(655,833),(617,502),(707,82),(730,152),(649,722),(544,783),(438,790),(137,742),(198,564),(429,247),(549,95),(309,355),(483,755),(698,342),(112,567),(650,144),(571,417),(314,438),(676,259),(407,152),(345,624),(462,341),(390,731),(714,450),(5,302),(172,519),(221,516),(683,214),(576,595),(720,192),(424,675),(449,212),(594,7),(549,266),(573,74),(235,847),(575,179),(304,484),(311,671),(92,165),(778,376),(253,71),(332,380),(215,563),(311,612)
done
281 424 90 89
(47,135),(224,157),(183,237),(206,99),(133,59),(216,94),(113,53),(83,374),(42,124),(13,362),(185,411),(103,387),(227,424),(26,48),(213,8),(61,246),(166,183),(227,154),(91,220),(54,228),(57,341),(267,225),(164,99),(124,213),(250,92),(243,43),(42,201),(280,356),(206,60),(271,415),(81,73),(247,394),(99,269),(281,342),(280,335),(17,408),(96,25),(51,185),(78,226),(152,260),(166,244),(126,231),(78,374),(5,248),(57,181),(33,93),(26,92),(224,304),(169,188),(122,397),(208,217),(93,178),(169,236),(64,354),(67,190),(201,389),(224,296),(129,360),(26,108),(31,52),(235,63),(66,134),(7,13),(43,194),(47,305),(135,53),(113,248),(83,398),(253,217),(158,407),(260,275),(271,254),(168,91),(205,146),(245,168),(67,5),(115,261),(237,221),(261,34),(140,158),(186,135),(47,280),(83,383),(10,72),(80,228),(106,173),(258,365),(215,322),(21,329),(131,363)
done
34 17 6 2
(18,17),(18,17),(1,12),(7,5),(19,15),(29,7),(29,7)
done
