(233,-358)
(-211,862)
done
(230,374)
(81,569)
done
(959,801)
(-658,-803)
done
(383,-898)
(952,680)
done
(18,864)
(20,270)
done
(418,-576)
(-660,-138)
done
(-192,-440)
(-277,421)
done
(64,-238)
(-168,376)
done
(-639,476)
(-343,-816)
done
(686,559)
(-334,-666)
done
(942,-347)
(-492,-31)
done
(243,685)
(-338,-110)
done
(-274,-112)
(777,-65)
done
(530,288)
(496,427)
done
(-228,806)
(-20,197)
done
(491,495)
(148,422)
done
(906,-916)
(712,319)
done
(351,350)
(859,-918)
done
(602,160)
(385,-696)
done
(725,-505)
(688,908)
done
(-923,534)
(464,-495)
done
(-242,-427)
(-588,330)
done
(289,644)
(674,-535)
done
(-43,379)
(-993,-565)
done
(191,-907)
(-188,456)
done
(-641,-683)
(982,-620)
done
(-552,916)
(-465,453)
done
(227,-498)
(-881,-882)
done
(661,234)
(-229,443)
done
(-784,-829)
(389,74)
done
(563,891)
(-419,282)
done
(-606,-577)
(-220,275)
done
(-11,555)
(-710,-931)
done
(-415,-356)
(-732,-756)
done
(140,201)
(-449,237)
done
(-809,310)
(-624,-150)
done
(-369,315)
(231,626)
done
(5,480)
(-619,-755)
done
(994,948)
(39,354)
done
(197,391)
(683,987)
done
(622,-974)
(-533,-429)
done
(991,-863)
(153,-119)
done
(916,864)
(-122,-68)
done
(803,509)
(219,-369)
done
(-77,283)
(-602,780)
done
(166,180)
(-528,13)
done
(-194,152)
(-85,-102)
done
(456,-623)
(-596,898)
done
