5
-221 -341 -379 228 -437
done
47
-311 -145 -321 22 92 -377 -370 85 -492 149 -151 405 -412 -216 -256 268 218 433 -369 249 -59 -489 -337 -180 34 478 -481 473 6 -350 -325 241 78 134 -137 -123 434 -213 405 -201 384 -25 82 -257 348 -364 -97
done
36
-243 170 -318 443 -245 -125 365 296 77 360 -82 -160 47 53 -394 -409 -432 29 -226 -202 -439 339 -478 -135 -311 -137 -319 335 238 202 213 213 -473 -114 -467 376
done
31
124 -246 221 -313 323 -401 246 436 274 185 -316 -310 -102 -98 -220 430 51 -230 -193 -275 466 444 81 -137 123 -305 -322 491 -495 84 -356
done
9
127 37 -31 -331 290 229 -118 153 -299
done
11
-116 -390 -288 -300 -245 276 -434 -128 245 406 -398
done
41
314 -326 134 -440 131 495 -49 139 51 473 -296 32 238 -118 137 339 -19 418 -357 -339 51 -334 -333 445 8 -137 -351 281 -289 -135 133 -462 -131 -157 37 61 401 -147 -468 -114 -109
done
28
-430 -432 202 -452 396 -25 461 -476 344 110 -235 -193 -448 -341 -50 -237 328 -80 385 -14 237 310 -385 326 -35 -254 -356 -270
done
35
257 69 243 130 312 -409 -475 39 43 -154 -118 480 207 126 437 81 404 -118 -99 -497 210 351 461 168 156 3 184 -367 450 192 -143 -276 -232 -217 -159
done
18
220 274 490 -113 477 -205 -56 -266 -289 98 280 -60 -229 39 -224 -439 -198 476
done
21
282 354 -90 -388 -242 458 -288 56 -177 -169 -132 -382 -325 129 -153 -153 375 208 -424 -181 279
done
12
475 355 60 -159 75 144 -382 -243 -51 401 422 177
done
0
done
45
11 -44 -237 161 -104 -118 -219 -242 303 21 -285 -445 118 456 -475 410 -271 -463 491 -247 106 -484 -37 474 127 74 192 433 -18 262 14 -102 -37 -483 -430 -355 354 -425 39 175 -225 -354 -469 -418 -350
done
18
-296 -168 -7 -370 94 -95 102 -245 85 151 424 -482 248 -341 -371 -319 -98 -337
done
46
475 163 -490 144 44 -293 -355 -55 322 414 -172 -315 289 102 -224 -220 298 -315 360 449 355 -28 -246 12 407 302 -382 -340 313 -316 -74 42 -302 105 -471 -312 325 -235 -446 97 316 447 -472 266 -23 -388
done
40
390 362 -132 -197 -361 -167 -381 215 176 431 141 193 -288 -251 -245 77 -400 -1 226 241 206 -227 -182 -493 -398 247 -44 -433 -51 133 165 -406 -150 192 -385 77 69 -487 -377 297
done
38
59 -479 468 -420 415 239 -458 292 117 -39 187 12 -479 -66 300 297 -127 400 -60 -61 -150 -98 -324 485 106 -269 -397 350 294 -5 -130 -89 -120 86 -224 -364 460 461
done
46
432 431 -198 138 248 -347 244 -303 -102 326 -465 483 -1 -76 386 111 -469 139 258 -184 390 -91 60 -296 466 497 -200 -432 172 -233 361 65 -144 267 416 -214 230 -460 185 310 185 -352 53 113 -259 -50
done
8
319 -280 159 -103 273 177 -479 -266
done
23
205 338 323 -344 -447 -251 -250 -493 -86 -500 -423 136 -400 27 -80 -1 -295 -379 -218 105 394 333 -91
done
28
319 -158 477 425 220 -184 11 143 396 -169 -341 -371 -354 -134 345 -192 8 127 -240 -57 388 -282 -483 -400 119 -417 254 224
done
47
93 -104 -494 135 207 -323 443 191 291 115 356 -308 384 386 7 329 386 277 -222 -58 499 294 -90 219 461 311 -77 250 -354 -76 294 -491 337 207 -368 -249 5 -53 -20 -425 28 -446 -236 358 -350 -62 417
done
46
300 -172 -66 -434 -312 264 -52 -198 243 474 -405 -229 268 -492 98 -400 -6 -307 324 -272 358 -151 -381 453 40 70 116 -49 364 -183 369 -475 425 -489 420 -281 198 -16 207 -49 185 -467 -107 -251 206 370
done
0
done
9
-440 231 -390 -308 271 -136 185 487 -274
done
36
481 277 391 187 312 301 430 -31 -280 -137 -153 -345 -83 407 -156 -8 201 455 495 113 294 23 64 -414 -248 -352 -20 -151 -372 351 291 62 -463 -363 260 488
done
36
354 -129 -314 484 -79 -426 -309 186 7 185 352 27 461 -259 405 5 246 -96 -101 -248 -78 -333 -328 -95 16 -12 149 -407 -230 -105 308 474 -342 -79 67 190
done
25
201 150 219 122 476 481 255 435 19 -318 20 -128 -310 149 392 -300 -465 449 -77 -338 -467 360 142 225 405
done
36
325 240 80 44 24 -321 227 438 340 -132 -296 438 240 461 333 205 -121 -485 -69 -443 258 -197 -28 8 -353 398 -470 -319 -446 494 -119 490 -330 -175 176 372
done
37
-198 -383 157 -377 -390 -398 444 -372 206 -441 296 -389 -462 94 -474 19 -77 -225 -391 424 298 -146 -204 186 -219 302 155 -151 -201 348 384 -424 -488 -371 225 -93 -65
done
11
462 -402 -181 -227 -200 27 449 -264 365 -17 288
done
0
done
20
-104 490 21 -101 380 -422 -74 330 -249 -80 -262 338 -222 -97 -390 214 -330 138 -172 154
done
30
122 -464 -266 302 218 -223 34 259 -149 416 81 -221 -59 -36 -379 -139 49 -17 230 393 -111 -272 -396 353 499 -379 69 310 -102 165
done
5
-433 241 -194 -108 -258
done
25
261 -123 272 -428 228 273 389 240 -179 83 -491 493 -125 193 -464 -170 312 225 394 -447 -205 56 -234 106 357
done
25
59 382 -446 -162 -460 -151 444 -75 -256 204 -69 162 186 -2 -462 133 -316 -10 -357 -488 -148 306 -238 416 -319
done
9
-178 -195 -306 -186 404 143 348 31 -146
done
1
-33
done
