3 6 4 3 2
2
done
79 95 471 631 318 390 136 792 650 390 406 487 296 330 783 526 579 352 243 593 407 331 205 99 468 190 398 25 214 755 330 293 293 179 51 676 702 353 311 386 382 740 497 190 414 525 379 463 106 222 16 600 127 594 285 354 12 651 57 573 323 37 212 5 523 688 298 155 657 634 238 683 142 49 378 736 472 79 215 218 280 657 655 720 374 22 569 487 37 350 196 417 304 474 664 733 470 28 755 258 130 745 435 145 468 469 123 621 188 60 762 474 166 483 42 598 206 10 657 510 35 248 435 382 29 788 740 10 751 287 757 186 182 166 300 490 402 328 623 8 491 359 195 77 144 117 107 717 3 145 90 621 27 427 286 2 14 176 294 685 542 310 794 47 253 42 292 200 795 466 189 65 38 241 627 397 450 350 288 580 433 9 638 414 762 112 662 166 436 561 708 190 228 176 63 737 435 290 311 235 592 353 163 106 737 698 139 294 726 518 781 300 27 378 779 696 108 301 785 347 361 239 221 3 241 269 628 33 737 97 683 349 533 21 322 527 661 597 217 78 559 76 405 788 144 622 782 695 48 190 90 48 355 536 669 109 111 562 575 80 562 217 141 399 644 584 89 347 774 232 575 75 230 380 255 145 542 308 787 276 276 194 336 437 507 654 9 65 106 87 170 678 766 680 404 262 332 168 735 541 648 277 598 190 54 256 357 644 749 202 691 757 788 381 711 585 249 723 255 263 676 610 217 773 339 284 565 748 282 435 590 385 779 131 164 467 730 582 530 724 30 262 227 316 680 689 337 303 776 253 412 193 502 111 613 141 466 304 468 711 550 509 46 388 312 476 683 258 681 259 640 774 759 251 45 11 339 557 181 786 461 782 2 106 336 58 708 483 0 385 292 763 454 701 371 637 559 421 726 780 0 389 258 323 785 525 598 389 642 353 360 645 81 729 401 478 650 81 656 305 731 248 332 788 276 38 307 128 714 459 658 684 596 650 116 230 407 644 421 700 746 592 46 146 232 47 771 75 274 50 581 412 57 790 184 58 749 384 86 309 180 11 267 613 136 672 563 269 738 566 214 712 86 570 778 55 552 267 588 611 49 751 726 797 650 584 522 738 357 370 28 17 283 784 603 771 592 14 228 120 677 454 723 320 568 383 365 665 736 756 779 416 263 757 214 123 329 578 286 410 27 716 157 218 594 716 402 282 183 739 468 556 481 669 25 167 162 757 593 246 159 764 250 299 703 713 5 219 527 199 458 777 24 161 2 142 247 131 723 752 720 586 433 30 728 377 605 48 302 675 736 75 94 73 620 9 93 602 451 363 564 52 49 582 243 385 204 22 260 86 178 439 755 754 318 268 693 348 644 731 672 797 57 76 534 654 754 499 543 428 656 571 111 23 279 720 710 737 328 35 453 124 768 608 118 270 23 50 115 357 695 365 608 691 522 263 408 511 293 791 194 287 429 287 266 774 157 750 670 360 64 238 570 226 306 102 668 168 408 405 365 783 171 697 690 257 99 771 403 538 185 636 457 645 45 472 19 652 267 408 285 517 640 707 795 558 260 500 33 666 752 396 220 412 422 683 536 551 674 500 382 362 222 182 664 414 201 288 122 783 347 523 128 716 23 274 76 626 178 281 758 140 407 309 626 36 19 703 796 17 150 751 204 3 766 632 109 29 570 392 761 776 273 128 75 638 330 268 239 222 320 390 447 698 659 241 73 657 639 570 548 503 759 263 745 117 686 311 293 718 163 17 221 223 440 174 3 659 234 449 713 581 495 397 510 361 381 488 564 282 340 151 491 695 767 55 315 52 287 528
697
done
4289 1402 65 1357 1057 171 1857 623 3729 2099 3706 4241 389 4229 122 1478 1717 3146 1059 1567 4372 602 2884 1366 1734 4164 747 4732 2790 4595 1694 2131 3704 3437 503 2706 4292 1215 4164 2426 3167 3713 1349 925 814 1048 9 1364 4212 1610 4448 1967 4929 534 2821 4884 4794 13 2062 2694 4347 1659 4623 162 4291 4118 285 3832 4053 2314 1512 4663 4409 3007 2477 4194 2827 4872 4937 2649 817 4898 3586 3001 2138 1725 4407 3239 4103 482 1763 8 1637 2809 3696 338 4930 4963 4965 4391
4360
done
3661 3127 2030 724 1500 1765 2967 3250 1498 378 1190 2678 3324 4540 4482 1582 198 4566 4102 213 148 28 406 594 4473 3797 4422 2105 1608 4551 602 250 216 367 403 881 4860 4781 2247 446 1074 669 639 3670 3966 1388 942 3698 776 2899 1357 886 2943 9 165 360 2330 4422 4175 4934 4201 2060 3628 4196 1453 1966 4507 2414 368 4160 1336 2381 2854 4032 2039 4513 3742 1182 1399 279 4217 1159 948 1554 3845 4206 891 2566 4019 941 3795 3909 4831 894 323 3539 526 951 4271 2720 732 2052 2509 688 591 3948 207 153 2777 4402 2899 1862 3123 1028 4539 128 4276 828 4657 2619 3317 4604 3153 1737 4805 629 3055 1578 43 4362 4769 3816 1685 3528 4971 2876 4971 588 4314 355 2983 2478 543 1037 3325 513 2441 2730 2536 1518 288 4857 2359 4567 128 942 3726 1209 2227 3120 4930 682 3530 2341 4 412 4819 1243 1776 1055 513 2514 1389 4434 2764 4166 2367 1993 1545 4329 2440 805 3960 2081 429 3753 3862 2308 3440 216 2182 1829 1529 3514 4100 812 2766 1370 1263 3040 1306 875 806 725 4710 4789 2853 4362 4232 1523 4502 619 3208 1820 1034 1345 4010 971 4248 4571 3237 1388 3356 3824 2962 1504 850 129 2864 3235 4089 1881 4046 1730 3166 1101 176 2695 1741 712 330 4386 165 1146 597 3248 4149 985 3070 4277 2683 362 1306 4393 682 2525 733 4520 34 3332 768 3597 2376 400 2588 454 2913 3338 2606 2340 2026 3747 1724 1893 270 3691 4295 2539 2563 3914 3615 592 4065 3397 2428 849 3241 4757 2585 1081 2100 601 2543 4630 4459 4169 4796 4268 333 3534 2734 4588 3250 2169 2614 4439 2367 4899 1554 364 2745 2151 1475 1559 37 1923 1931 1591 167 3094 1609 2030 252 516 4101 3180 4149 1852 3229 2271 4550 3258 1781 4877 3427 825 68 797 4013 2160 2080 1327 213 2610 2353 667 3484 3409 890 195 2802 4459 1595 463 254 2558 1727 2097 3196 1623 807 3179 3650 4865 2286 2365 1824 4928 5 3679 3199 1736 4173 917 2628 4139 3116 1608 4285 487 2574 2748 3094 4973 3647 2905 1495 865 3830 2813 6 3822 2731 4314 1052 3061 175 322 2988 530
2676
done
3 0 7 9 3 14 8 9 6 8
7
done
1 3 2 6
2
done
31 39 36 46 10 35 0 7 23 13 41 33 5 46 25 16 8 8 9 16 45 38 49 19 16 30 42 3 36 45 47 25 10 1 43 1 21 18 30 26 19 29 12 43 42 18 36 10 29 27
15
done
45 54 8 22 68 65 10 87 10 6 43 98 31 65 44 29 68 51 31 45 62 31 79 85 12 55 11 79 69 60 28 77 53 37 71 81 95 72 65 55 39 55 45 86 86 82 69 72 3 83 18 22 57 31 69 40 90 90 44 14 14 20 14 90 16 49 95 88 0 69 93 85 50 47 95 41 77 81 65 68 54 52 95 58 69 1 92 33 96 65 14 2 20 95 79 60 21 89 35 0
26
done
118 154 99 37 161 16 81 20 126 87 54 160 152 3 39 21 131 174 88 31 91 118 52 130 155 131 6 6 152 150 120 48 13 26 26 95 99 101 19 92 179 104 52 78 60 81 37 30 28 42 121 161 192 68 77 11 104 30 2 172 124 160 108 188 114 102 161 144 107 176 14 135 21 27 169 193 41 106 130 170 33 80 58 29 38 1 24 163 140 84 13 118 173 90 96 62 127 176 3 136 179 2 62 191 187 166 35 5 50 0 3 78 179 32 136 94 199 195 128 162 150 159 46 143 39 150 46 12 65 122 32 1 136 136 194 146 70 144 94 50 93 157 105 159 116 131 93 81 24 107 74 139 191 100 151 15 75 66 12 12 73 15 161 132 142 10 123 71 153 142 68 85 159 38 115 24 149 41 39 79 190 76 78 146 144 194 95 193 6 93 25 139 89 110 27 107 85 64 143 198
168
done
65 200 18 153 388 202 54 117 68 33 120 343 133 278 155 233 392 218 132 96 218 203 14 211 194 197 320 194 9 191 338 127 299 79 229 338 332 26 183 333 21 241 54 12 349 171 42 354 285 222 261 212 125 239 32 340 213 94 399 39 39 90 210 338 399 19 196 296 352 101 128 373 212 197 73 320 313 68 28 6 179 302 364 357 295 273 223 142 166 5 186 333 142 390 34 380 218 295 249 318 226 368 243 67 181 187 334 135 199 346 237 134 354 327 341 30 130 348 382 98 306 300 246 20 9 222 233 304 294 128 34 67 119 353 92 380 236 171 388 87 62 226 327 179 55 129 175 127 312 370 179 0 152 349 111 334 315 149 249 141 40 336 66 50 393 343 201 386 76 263 357 249 65 372 80 77 135 203 321 52 255 121 165 375 361 255 308 134 197 7 374 355 36 92 169 371 305 248 326 346 304 113 200 327 12 381 83 359 197 117 210 129 60 184 86 12 287 286 74 147 31 53 86 394 16 185 29 4 12 176 203 82 43 389 290 350 174 378 114 352 234 218 46 119 168 159 89 385 51 4 385 101 315 204 84 139 167 372 239 148 276 300 18 254 253 358 86 255 217 312 28 76 369 238 298 227 315 183 34 181 306 300 274 363 240 189 24 253 112 36 246 92 269 26 160 131 348 366 101 377 230 149 338 253 300 399 102 219 180 148 105 322 104 325 55 82 378 185 351 236 5 143 0 382 270 64 282 271 108 25 380 36 258 166 104 396 35 226 158 232 146 224 316 296 59 120 245 222 250 366 235 170 122 98 99 78 76 194 63 95 99 90 267 224 324 143 117 220 340 244 125 91 147 272 124 176 19 148 185 301 15 145 6 174 150 303 38 119 299 342 65 362 189 40 282 394 163 263 181 334
388
done
3 6 4 3 2
2
done
