1
3 2
1 2
3 4
5 6

-1
2 4
cpp 3 5 7
2 4 6 8
done
1
31 13
134 261 373 260 332 303 256 259 278 101 378 111 109
342 426 147 489 48 179 72 285 397 96 74 273 221
327 29 374 209 219 485 294 477 139 434 85 294 241
456 289 400 311 139 284 4 395 308 336 237 238 451
118 13 387 390 126 480 424 103 472 442 414 332 439
393 8 495 69 32 102 147 212 441 35 187 123 339
66 250 167 172 260 214 96 98 417 13 127 244 357
472 252 0 183 184 240 422 65 0 273 260 214 31
482 465 403 139 394 474 281 284 427 490 234 160 82
402 192 10 386 482 57 85 447 417 395 212 159 280
55 41 177 4 134 59 261 466 35 123 425 315 361
279 106 234 30 361 189 391 254 379 257 413 461 6
372 323 272 466 487 480 362 495 307 215 344 81 4
476 329 39 180 459 388 89 336 413 446 468 398 436
495 262 470 349 87 12 69 417 228 361 4 445 113
400 408 21 126 108 154 452 100 220 472 235 103 93
116 180 374 156 296 142 85 263 384 154 238 310 80
75 338 288 265 258 415 457 249 110 56 205 455 310
342 209 293 369 435 376 159 135 95 184 439 287 37
409 365 331 320 383 336 71 424 346 8 23 202 152
47 244 127 5 396 68 113 170 271 272 155 19 364
260 197 78 341 397 385 226 291 232 296 457 182 431
276 206 194 359 225 10 17 387 494 353 277 122 49
417 253 456 154 25 416 470 117 455 89 440 499 443
184 396 260 98 20 411 486 93 163 23 152 469 51
466 349 68 404 145 1 73 15 73 345 369 9 294
313 449 80 146 15 320 460 12 136 431 82 101 419
394 424 145 302 379 17 253 413 339 401 111 299 347
90 78 189 163 193 183 53 283 385 456 396 103 312
499 5 480 318 147 298 398 62 100 499 131 188 372
60 239 155 441 134 449 230 22 353 460 348 435 337

1
13 21
453 241 90 115 101 214 226 49 143 425 105 425 152 277 2 53 404 289 438 66 364
382 282 77 113 485 464 482 172 283 255 439 41 158 241 465 389 47 342 133 283 485
423 16 448 40 317 369 43 180 307 474 102 319 403 210 259 411 12 106 123 455 434
75 153 165 403 493 141 358 241 0 447 238 34 171 430 384 109 174 58 149 467 99
24 42 219 392 273 407 485 165 213 323 152 197 485 171 309 58 78 236 146 97 213
477 91 460 333 311 409 374 249 344 41 142 397 405 438 146 416 166 205 165 224 317
411 413 6 450 5 16 51 319 322 24 154 67 314 141 339 331 202 39 459 323 423
440 329 110 341 169 351 261 410 451 236 439 87 28 275 262 46 30 240 420 412 110
439 93 471 1 63 116 53 1 448 229 34 340 34 398 175 472 304 353 298 116 178
484 115 212 376 85 319 2 489 286 398 113 48 124 476 318 166 295 340 93 390 95
210 189 221 364 178 139 344 22 183 24 498 387 288 298 485 483 482 133 253 473 188
42 115 113 119 455 83 356 130 1 7 262 203 463 112 401 230 218 291 224 292 464
462 200 192 194 53 95 43 108 182 352 328 110 401 419 418 73 392 187 168 242 312
done
1
3 2
1 2
3 4
5 6

1
2 4
1 3 5 7
2 4 6 8
done
1
3 2
6.93 8.32
9.21 9.28
5.28 5.43

1
2 1
4.98
5.41
done
1
20 15
1.56 3.83 2.58 0.60 1.81 4.30 1.38 9.97 0.32 6.50 2.81 7.39 6.26 4.97 6.53
0.71 4.13 7.18 7.00 3.97 6.82 5.67 9.83 7.99 7.50 9.97 8.52 7.86 1.13 7.81
3.36 2.10 0.78 0.12 4.60 3.61 1.81 3.81 9.72 9.45 7.60 2.07 0.08 2.93 3.47
2.00 6.06 8.21 1.71 5.56 0.67 5.38 9.74 0.97 0.94 1.12 4.74 7.99 3.11 8.22
2.95 2.61 2.58 5.35 9.16 3.59 1.73 6.93 1.89 5.74 9.41 2.02 2.91 2.72 3.80
9.98 5.56 4.94 6.37 0.40 4.76 6.84 8.39 4.36 3.17 1.19 3.08 4.35 2.17 7.30
5.83 0.41 3.28 4.07 2.11 0.96 5.61 8.78 7.67 7.48 7.48 7.12 8.60 4.08 5.98
0.34 9.24 4.01 6.34 1.03 4.53 7.64 4.26 9.83 9.63 8.47 8.13 1.40 3.63 6.32
4.93 9.92 6.19 9.85 3.01 0.58 5.49 3.70 7.37 6.24 3.48 9.05 8.23 5.44 9.79
0.33 1.69 0.89 8.62 4.88 1.95 5.58 4.10 6.80 8.25 7.00 8.09 1.11 6.23 8.72
1.33 9.35 2.31 2.43 2.88 3.16 2.04 2.96 5.15 8.06 8.11 3.41 1.95 5.86 1.39
7.45 4.48 0.12 8.75 1.04 6.18 6.08 4.84 6.32 0.55 3.30 1.16 6.63 7.43 6.38
4.34 2.33 2.34 7.08 7.72 3.81 0.08 8.61 4.52 0.09 9.06 1.52 8.47 8.08 4.63
8.72 7.69 0.39 0.57 6.39 0.84 7.15 5.77 6.45 0.33 0.33 9.13 5.63 5.62 7.55
9.45 6.42 1.64 5.97 8.69 4.62 1.07 5.74 6.34 9.17 6.65 7.08 9.89 0.37 9.14
4.38 1.25 3.58 9.68 5.76 2.03 7.12 0.38 6.93 0.95 4.40 5.55 3.40 5.32 2.44
6.75 6.28 4.81 1.28 9.28 2.97 9.39 1.25 3.79 5.45 5.88 7.90 6.87 5.89 6.63
7.96 6.38 1.18 1.73 2.66 2.64 5.58 1.28 9.18 4.63 3.47 7.56 4.67 0.92 1.94
7.70 2.02 8.97 6.78 6.26 1.27 2.50 3.74 3.92 5.56 6.15 1.03 2.45 5.99 8.62
8.45 8.78 5.55 0.10 3.07 0.56 8.08 7.93 1.17 3.85 4.80 4.39 1.80 8.85 7.51

1
15 10
4.21 7.31 3.33 4.39 5.33 2.62 4.33 1.81 5.23 5.80
8.22 3.15 7.29 9.24 5.66 3.22 5.58 2.31 2.98 5.55
4.41 3.77 3.87 7.89 8.84 4.37 5.75 0.46 5.21 8.01
3.01 0.47 6.98 2.78 5.70 5.80 9.27 1.67 5.57 0.76
7.24 6.26 3.30 6.73 7.59 5.85 9.82 0.93 9.43 8.77
2.14 7.34 0.70 2.13 8.81 4.75 8.99 1.33 3.20 8.32
1.05 0.75 3.29 2.56 3.58 2.85 5.09 5.82 8.98 3.35
3.24 8.34 3.71 6.87 6.17 8.88 3.64 8.47 5.27 7.51
0.10 3.52 7.14 5.53 3.15 0.52 5.54 6.99 3.18 8.74
4.92 0.11 0.47 5.39 0.58 1.04 2.67 5.17 1.49 6.83
4.16 8.25 0.53 9.40 7.40 1.49 3.44 7.12 5.62 1.82
2.22 6.38 8.46 9.75 0.93 0.80 6.81 5.82 1.71 2.23
0.77 2.64 6.90 3.59 5.29 0.52 8.51 0.60 1.18 4.92
9.99 6.10 5.38 0.37 6.26 8.34 3.24 6.11 7.29 1.65
7.30 5.64 7.11 6.44 1.63 3.85 5.22 3.14 8.19 2.84
done
1
20 10
6.04 6.51 1.64 3.48 3.27 8.81 6.36 6.94 6.53 9.20
0.50 3.14 9.68 6.51 7.54 9.73 4.51 6.12 8.47 3.56
5.89 6.46 3.26 5.66 9.95 8.47 0.43 9.72 1.43 9.50
0.75 8.22 2.06 7.37 9.12 3.12 4.40 4.01 9.65 6.02
7.12 2.94 2.20 6.21 5.97 9.30 5.42 3.46 1.52 6.58
0.29 6.71 9.08 9.25 0.41 8.81 8.45 6.42 9.91 2.36
0.94 7.69 7.82 1.43 9.32 8.50 7.91 9.29 1.63 9.19
6.47 2.77 3.30 8.75 6.63 9.78 3.57 1.60 6.65 7.80
0.86 3.31 1.27 7.35 8.91 9.10 0.04 6.58 0.08 7.11
3.55 0.11 4.80 7.04 8.89 7.59 6.37 3.47 8.48 5.35
8.57 2.47 2.44 7.47 9.34 9.52 2.96 1.05 7.71 6.42
0.82 3.95 2.61 5.18 8.24 2.59 1.66 7.01 9.43 1.40
5.14 5.59 9.99 5.20 5.44 4.41 8.96 1.00 5.08 9.64
2.82 5.37 7.03 1.60 9.09 9.82 9.48 9.53 8.18 6.85
3.48 7.22 6.10 5.84 6.01 9.02 7.40 9.50 2.79 9.18
7.25 8.17 5.00 0.30 3.80 1.50 1.42 0.43 7.36 4.61
2.94 2.10 0.65 8.22 9.57 0.68 5.39 0.75 0.77 4.05
3.96 3.34 9.03 0.23 1.32 7.66 3.01 4.76 1.67 0.41
0.75 4.91 6.24 7.45 6.25 3.80 3.54 5.50 1.89 3.17
1.10 8.84 7.86 0.05 8.10 4.16 4.61 9.38 1.71 6.86

-1
10 5
wzh ics iwo mow vvt
nfo ujf rvu olc pld
zug sih eei upg sad
hxk cvu nst xao szj
znq ewu tfh lth qsk
jgi cxt gsp tfo lpy
upi fbp fso cow tey
nnf jfh qtp udp gfn
caz ton hrr byo ewa
ruq oab kbs lky glh
done
1
10 8
12 49 26 35 0 25 29 25
25 33 27 39 30 44 40 39
18 19 8 49 28 48 22 39
26 4 31 44 24 25 5 6
30 2 41 19 39 14 26 37
8 46 6 5 6 37 40 33
40 36 14 39 9 17 33 38
14 7 25 20 48 21 22 5
9 34 28 3 9 4 49 28
44 36 10 23 22 41 40 38

-1
8 5
euc 32 jnb esg 44
tif 17 acf wjx dtc
16 qew 32 abq giv
29 21 5 zkk 1
48 scx 42 37 cpt
agd lge xlc qnv dgl
enz wyj 18 4 26
1 mjl gdp 6 fxj
done
-1
10 8
30 10 nkw mlu fgo 35 lks tzl
1 fjd veq 4 que 18 psp pjd
bto 23 45 aan uze 14 33 iwk
33 odm 21 14 19 49 25 lno
urj oir 36 26 0 13 8 12
15 xjd 38 phe zut pxm cam zeh
0 4 47 15 20 kbq 13 48
aza lyb 2 11 1 dts 6 37
24 27 mah qvy 48 16 yww 46
46 1 12 djl 31 zgz qof gre

-1
8 5
dmy hww vjy wda 34 
ajg 35 4 28 ips
jbq awi 14 42 38
28 19 31 tvv ylv
25 bqd ecf 39 lwa
14 9 20 yli 2
fee xcr 32 16 etd
cgp zdr 0 idf 18
done
1
20 20
64 52 40 58 97 19 48 65 54 9 20 4 63 13 49 4 16 92 3 95
71 93 32 86 99 4 39 18 48 27 95 76 4 55 38 88 82 91 70 14
70 37 90 81 53 66 5 26 91 65 92 42 89 54 82 36 83 41 69 74
11 8 89 79 65 88 92 20 20 25 47 65 29 86 35 95 20 40 63 55
92 77 28 47 90 20 52 28 79 41 89 42 58 53 55 63 71 59 48 0
24 64 55 70 7 99 95 32 36 22 45 26 42 13 9 55 42 17 22 17
87 18 70 83 32 4 2 89 90 91 31 22 68 64 78 46 23 28 19 20
71 21 69 67 2 20 8 38 88 7 30 18 42 57 42 58 87 76 33 78
22 63 35 44 29 5 10 19 26 22 74 1 28 34 51 0 63 51 77 22
0 23 83 60 11 28 11 14 46 45 62 28 9 73 55 23 42 33 80 89
11 50 65 25 20 42 44 58 73 43 86 40 50 17 95 64 24 11 0 87
81 58 67 50 62 22 28 85 93 26 4 27 58 43 0 73 57 39 89 40
76 17 83 7 13 42 52 51 30 54 18 38 19 65 50 24 27 31 7 10
25 87 59 85 98 63 60 2 64 71 1 83 89 1 77 20 87 51 98 69
64 56 46 10 73 79 38 91 65 75 62 45 79 55 86 47 2 99 7 12
27 15 73 58 93 83 53 88 46 31 52 51 61 74 60 11 94 60 1 60
60 48 99 50 54 49 15 88 98 80 15 44 62 70 12 96 61 85 1 84
11 51 43 90 77 49 68 22 57 29 95 44 57 49 10 52 95 34 16 72
6 26 19 3 2 82 92 35 96 63 82 18 53 42 74 49 40 69 77 30
61 95 34 25 15 96 44 45 4 9 73 67 11 13 96 98 21 92 38 95

1
20 15
10 30 9 41 13 2 13 87 34 47 88 85 65 21 82
37 95 62 6 96 75 25 89 86 44 66 72 15 76 4
35 76 16 9 60 72 57 20 3 14 96 27 7 84 39
5 76 76 66 40 81 86 61 26 7 59 4 81 48 15
72 87 58 80 48 10 11 47 44 36 1 75 44 16 92
80 48 90 67 38 40 28 77 79 54 13 65 19 93 67
53 49 57 93 27 62 10 23 99 1 29 10 44 49 33
41 16 10 54 99 93 79 32 42 5 3 4 36 70 25
86 13 26 8 43 5 94 4 48 49 4 63 88 34 34
82 26 30 58 60 52 95 70 5 39 56 68 71 49 9
98 99 14 86 18 92 44 12 47 7 41 50 63 89 65
56 54 42 5 16 24 43 19 63 15 74 57 61 94 18
82 51 23 99 87 48 21 3 47 99 43 26 28 20 2
7 46 33 5 97 91 75 82 7 98 24 91 43 4 56
73 63 35 52 64 7 28 97 25 69 4 78 65 6 53
89 97 2 62 10 69 22 0 72 34 71 6 63 71 20
87 59 39 2 91 63 63 46 39 40 92 89 50 28 4
66 31 48 62 8 10 23 97 28 18 54 6 80 59 96
40 54 84 43 61 19 23 13 86 25 93 86 62 0 49
68 66 91 51 94 53 42 2 29 27 13 9 46 62 89
done
1
31 13
30 17 32 58 91 45 88 63 9 2 26 69 10
13 44 49 24 86 19 10 17 59 99 9 47 23
13 52 15 4 61 68 18 23 44 49 52 22 57
80 92 4 51 7 53 99 44 11 30 15 34 97
91 40 1 33 59 98 78 4 83 58 6 17 81
72 98 83 68 81 54 15 31 56 37 59 94 73
61 88 6 64 9 10 50 45 68 9 1 40 90
99 81 11 46 44 44 15 71 47 9 4 46 5
8 11 45 79 26 66 64 20 38 7 2 73 28
70 9 53 23 60 20 86 35 49 87 86 9 42
4 54 82 27 50 43 24 19 13 82 91 81 68
5 53 15 48 71 62 91 21 63 15 7 25 44
45 33 22 98 95 52 38 75 68 44 16 87 45
62 81 36 36 59 17 70 75 47 2 0 43 84
83 40 65 9 96 81 46 79 27 28 96 66 58
96 88 49 31 94 78 12 55 70 82 64 99 61
95 65 1 30 98 70 72 38 41 57 26 59 95
56 85 21 78 54 75 97 98 84 49 80 55 23
90 14 24 0 81 56 78 83 56 2 91 85 8
30 0 93 8 43 79 13 37 49 84 85 28 59
4 29 49 5 63 37 98 65 49 52 71 9 84
27 67 49 54 78 23 14 17 42 55 78 50 34
54 64 79 17 12 99 3 5 12 80 82 20 81
65 90 46 4 13 20 31 60 31 40 28 51 27
44 55 50 88 88 10 41 75 7 90 29 20 48
11 31 5 57 28 92 25 96 39 58 94 17 53
56 17 2 92 49 93 94 86 11 0 83 44 55
51 87 66 64 97 44 80 38 26 92 88 16 54
26 36 85 23 31 21 58 66 98 74 39 2 43
89 92 99 48 77 60 51 18 78 93 84 59 60
60 20 71 10 81 26 78 27 76 58 69 93 69

1
13 21
55 19 20 73 97 67 40 3 94 53 39 96 75 25 10 4 39 71 26 0 6
1 24 89 66 35 51 47 13 36 57 28 18 45 41 33 2 96 89 55 29 84
26 83 45 17 5 54 89 29 9 46 75 81 44 79 64 34 86 54 42 18 41
77 17 19 54 43 70 98 31 32 99 31 0 45 5 77 91 43 6 50 58 95
55 99 46 5 10 69 63 24 61 76 62 51 34 58 58 14 50 87 5 88 6
95 21 54 53 78 39 21 12 30 18 14 94 51 87 49 60 9 4 20 87 76
90 94 93 76 24 13 88 51 19 66 30 27 92 11 89 16 40 8 16 91 43
17 66 85 38 55 20 50 88 28 2 38 40 96 0 41 19 53 47 13 96 49
32 86 38 42 99 80 12 57 66 42 25 74 10 69 43 83 61 85 40 70 43
12 90 61 15 54 50 17 54 13 50 23 78 23 11 20 54 33 29 21 31 75
52 38 85 89 10 98 56 2 44 38 24 83 22 94 43 52 35 93 75 12 82
82 89 95 12 22 41 32 75 61 8 81 95 3 60 66 15 76 44 8 80 55
67 88 93 20 56 37 97 51 8 28 6 42 17 96 46 93 13 64 26 73 53
done
